0.15107507811759643, -0.11293582897107367, 7.049182749802885e-07
0.15108896560388535, -0.11286753695168128, 1.2799741691001962e-06
0.15108896560388535, -0.11286753695168128, 1.2799741691001962e-06
0.1510900037771733, -0.11286916313977347, 1.2090499222788255e-06
0.1510939540682595, -0.11284418613414743, 1.5551436592755619e-06
0.15011639473884786, -0.11414017750105825, 1.1612958277120608e-06
0.150123702823895, -0.11413204181566189, 5.251039020587135e-07
0.15012082368238625, -0.11414934117797171, -1.0657325952449052e-06
0.14962102952541845, -0.1148001164554155, -8.735365423815148e-07
0.14961908393890755, -0.11481320243944747, -1.552130688923657e-06
0.14844541220559607, -0.11632773744735098, -9.184018330002733e-07
0.14844386177421132, -0.11633704477971461, -1.250628560581667e-06
0.14782247506469917, -0.117129769657845, -9.443119985455877e-07
0.14782247506469917, -0.117129769657845, -9.443119985455877e-07
0.14782181557909613, -0.11713530389022965, -1.1495682484897123e-06
0.1465240671093237, -0.1174650596004839, -9.021582363488043e-07
0.14652355757046492, -0.117470939212135, -1.0634057926474e-06
0.14489293757290067, -0.11760334368789373, -6.85775761101297e-07
0.143171407529162, -0.1176520621158983, -2.4370253007196197e-08
0.14319300135888657, -0.1176540976261538, -3.005414221466313e-07
0.14319222010537697, -0.11766428970181465, -6.986292726486998e-07
0.1425155009946166, -0.1176794267461044, -4.982022690454532e-07
0.14251480901612054, -0.11768685857832592, -7.359691799289089e-07
0.1412084624418934, -0.11768416866792424, -4.496768316949589e-07
0.1412084624418934, -0.11768416866792424, -4.496768316949589e-07
0.14120824004701074, -0.11768933221541587, -6.351731809281267e-07
0.14067513255772285, -0.11768724165427542, -3.8466314544194027e-07
0.14067477928277297, -0.1176935821874108, -6.034842004970551e-07
0.14146404087301687, -0.11769033472804362, -2.706108195068874e-07
0.1414629900269067, -0.1177004600306058, -6.077378010435946e-07
0.1418244755858538, -0.11768984674110305, -1.3882137530160575e-07
0.14182370325561114, -0.11769573756098041, -4.091124779610929e-07
0.14298630200285728, -0.1176925755048053, -7.864263001854608e-08
0.1445480631684093, -0.11769461481380393, 1.526414725533272e-07
0.1445236117659142, -0.11769396973997354, 3.891936291064518e-07
0.1445236117659142, -0.11769396973997354, 3.891936291064518e-07
0.14452330642816186, -0.11769820852606, 1.2104186679903204e-07
0.1462248271985615, -0.11769713994333687, 3.6247098453252184e-07
0.14621387593458146, -0.11770622938949556, -2.157788891077648e-07
0.14794018166093678, -0.11639320080011793, 5.234043566915232e-07
0.14793664477610868, -0.11640520853386838, -1.9186347603809735e-07
0.1497129317135342, -0.11576886376254109, -9.832077219781219e-08
0.14971402885602772, -0.11577263077176363, 4.551203296134226e-09
0.15047007381952318, -0.1154948063794042, -1.9736726835910652e-07
0.15080300780323627, -0.11536573476020677, 1.4931499671851637e-07
0.15079933183371708, -0.11536946029667454, -1.2347692051448886e-07
0.15079933183371708, -0.11536946029667454, -1.2347692051448886e-07
0.1508007068415817, -0.11537297794187194, 3.069498047443215e-08
0.16814850581744753, -0.12855344163550078, 1.2640341992915741e-05
0.20955866642057264, -0.16010059137689384, -0.00012456585928720656
0.21523564142834725, -0.16480007534897406, -0.0004637948058463025
0.19385294262604882, -0.1458334604462327, -0.000976532138550189
0.19661241190788545, -0.1482101437969911, -0.000941414775769919
0.1997389415364769, -0.1508044226386643, -0.0009259619866607463
0.17016694012754757, -0.11235705387472877, -0.0007090355810256914
0.1708402565045681, -0.11275063864965981, -0.0005524782485818761
0.1604461104467205, -0.07278782053748988, -0.00036304803774235605
0.1604461104467205, -0.07278782053748988, -0.00036304803774235605
0.1604766676185748, -0.07281036332870332, -0.00032336555292397174
0.1580663528860071, -0.019831852634932312, -0.00026287493819952183
0.15796854474074, -0.019858183919253064, -0.0002344036306042163
0.1610254260902455, 0.053134652008300906, -0.00013934067788400788
0.16094002433064242, 0.05311414012221164, -0.00011015258416936048
0.16899910894981085, 0.1416356326562563, -9.552309539766213e-05
0.1689795167877936, 0.14161000891447828, -3.9436232245758235e-05
0.18090031397771483, 0.24935376615845442, -6.917970930575651e-05
0.18079133759348945, 0.24939444906010835, -1.159503799012716e-05
0.19427909830032075, 0.38344645874973543, -2.235416984558746e-05
0.19427909830032075, 0.38344645874973543, -2.235416984558746e-05
0.19407626364563152, 0.3836509342433468, 1.0315511684070328e-05
0.2086926317148835, 0.5373958459208384, -6.781527078436556e-06
0.20866370251772753, 0.5374098840674658, 2.5850613613243412e-05
0.22088870633987642, 0.6926096107852654, 1.1502595935545719e-05
0.22071631056152666, 0.6933382477445564, 4.554021888656127e-05
0.2329902366389629, 0.8635626988630168, 4.7392771445174346e-05
0.2328366970792313, 0.8637705367745033, 2.5660388107159137e-05
0.24458244884022207, 1.0323390116543238, 4.940953691182772e-05
0.24482171613654344, 1.0321509249021719, -2.5359845312792815e-05
0.2577788812490952, 1.2205316816027298, 3.2211310740319495e-06
0.2577788812490952, 1.2205316816027298, 3.2211310740319495e-06
0.2581592651183538, 1.2200887169350236, 2.1270870195002483e-05
0.2699376564943789, 1.4068125446107878, 1.7816823719809966e-05
0.2691969294547274, 1.4074871543818515, -8.152394802837803e-05
0.27780121576272676, 1.600686265907682, -7.558552716035446e-08
0.27775251199716133, 1.6008527440858105, -1.2876878734692602e-05
0.28393784947653816, 1.7935055488899976, 1.4383969583296397e-07
0.28385589391942717, 1.793552844915438, -5.728590443178402e-06
0.2878318328094677, 1.9824541718171311, -2.7842939468492183e-06
0.28768771386453484, 1.9826219889156427, 1.3064641425945277e-05
0.2918028496627723, 2.169498514050973, 3.575247037418866e-06
0.2918028496627723, 2.169498514050973, 3.575247037418866e-06
0.2916933111710272, 2.169511888756055, -2.786970466926555e-06
0.2954221471277438, 2.363716135155619, 9.76816151558899e-06
0.29489081088522007, 2.3640203940181217, 0.00013846020427123613
0.29867502167538856, 2.5654127886800437, -7.795989007214252e-07
0.2986537142202582, 2.565614053159634, -1.6745053461320951e-06
0.3007262058565813, 2.7566129979183662, -1.3803902575664855e-05
0.30086232708583716, 2.7564848731237808, -1.8804905608419118e-05
0.30122505435858504, 2.949431016907018, 1.6143135456897527e-05
0.3013799735548657, 2.9493732630314566, 1.5825490278952173e-05
0.3012332308676754, 3.137562852503164, 1.1052276820382832e-06
0.3012332308676754, 3.137562852503164, 1.1052276820382832e-06
0.3011891793837046, 3.1376062613780302, 4.808595159297138e-06
0.30037296784522494, 3.33630675709151, 4.7432527943985095e-05
0.30060603750828213, 3.3366549979503084, 2.372209666204004e-05
0.29943117258592683, 3.5370453690051877, 3.6280007536951306e-05
0.29940969476617574, 3.537124403105403, 1.2582458069231357e-05
0.2974015658158461, 3.733263786066875, 3.924925789721816e-05
0.29735014075496163, 3.733751264010089, 2.808969969439214e-05
0.294669957023052, 3.938668920599355, -1.3526741447730497e-05
0.29290273939943506, 4.122652235928445, -1.1653189568396413e-05
0.2928165624934404, 4.123938539240961, 7.85675626066019e-06
0.2928165624934404, 4.123938539240961, 7.85675626066019e-06
0.2933518358386045, 4.312341765832318, 2.698017349236896e-05
0.2930452776293198, 4.313890151187906, 2.964877032489758e-05
0.29326645990837696, 4.313958693560894, 3.358620737168519e-05
0.2940315220447975, 4.5061420770881, 2.113983100627828e-05
0.2940714129474556, 4.506161249422047, 2.7504957399099283e-05
0.29581868104287157, 4.694307762837237, 7.013244910386922e-06
0.2958401037774702, 4.69432999539647, 2.0387758868403765e-05
0.2987895705683977, 4.880273802019907, -5.844383194619156e-06
0.298367301550695, 4.880212215784263, 7.18614276190828e-05
0.30105373460752877, 5.0605475875591965, 3.2167445844976415e-05
0.30105373460752877, 5.0605475875591965, 3.2167445844976415e-05
0.2998720068860705, 5.060158934402855, -5.0773555078160495e-05
0.30537416325132916, 5.260047840343212, 2.4627028541826874e-05
0.30537931292353043, 5.260045559711726, 3.74445658491141e-05
0.3079795644372419, 5.4514188729565225, 1.850855417376146e-05
0.31195862110877304, 5.645726351916805, 2.321930405239843e-06
0.31198554942525464, 5.646179952830539, -1.5258739178342813e-05
0.3118760081017381, 5.646159361870943, 3.7513181482061656e-05
0.31233455662457027, 5.842459935874523, 6.088003929818432e-05
0.3121796433421697, 5.842621333218531, 0.00011013709051448381
0.313554846294176, 6.029968075650243, 0.00012279661463925686
0.313554846294176, 6.029968075650243, 0.00012279661463925686
0.3132722003968134, 6.029828663327633, 0.00022685029986091795
0.3162772159881367, 6.2182347982635955, 0.0001064335855342589
0.31631100294772124, 6.218194734176603, 9.363194110514343e-05
0.3184406792817604, 6.4051768954176165, 6.835773881554155e-05
0.31825170917350715, 6.405092838367718, 8.849202489461705e-05
0.32113275465079055, 6.597266668462128, 9.186409507006269e-05
0.32124448847808, 6.597187654432602, 4.246355251294327e-05
0.3233174607991218, 6.78608275407512, 2.827650970452334e-05
0.3231972533815825, 6.78604857924892, 5.2633242135396954e-05
0.327150539321711, 6.976678061637666, 1.7256727535120136e-05
0.327150539321711, 6.976678061637666, 1.7256727535120136e-05
0.32706011003308266, 6.9767263700137825, 4.6502851633403626e-05
0.3308036714305364, 7.176445843258277, 2.0215582143302824e-05
0.33055136394881857, 7.176306818760599, 0.00021242054931810611
0.33511192290728253, 7.37003615704083, 9.54875241858801e-05
0.33891161624468735, 7.5556323842969, 4.1791809531825045e-05
0.338804504697883, 7.557708276243114, 5.5928268450447016e-05
0.33878885893872207, 7.557674454938368, 4.0125268776265804e-05
0.34236050245064154, 7.757213139989992, 4.530859438250744e-05
0.34687102170629963, 7.951498566477473, 1.4912984165057969e-05
0.34649721102965203, 7.952028833327363, 0.0001122655555391205
0.34649721102965203, 7.952028833327363, 0.0001122655555391205
0.3467299956619348, 7.952033418356335, 4.678640233552028e-05
0.3515887495434347, 8.145181597793313, 2.6912845091970963e-05
0.3515775712577369, 8.145223847212268, 2.1724069311779417e-05
0.35594923127041694, 8.334011805557305, 2.7367389114234995e-05
0.3558633909586265, 8.333994969225278, 5.5112304003166e-05
0.3596112102460066, 8.530170726727512, 3.8568444953908477e-05
0.3596693274414504, 8.530219220383241, 2.60066647822587e-05
0.3633886150537658, 8.727184147204916, 5.249450605422091e-05
0.3635705444402765, 8.727046525136462, 1.5573214643744776e-05
0.3691304009666844, 8.917084445655858, 1.5877779514824747e-05
0.3691304009666844, 8.917084445655858, 1.5877779514824747e-05
0.36914043475978714, 8.917081257802888, 1.4463938727968444e-06
0.37762101637057144, 9.110628951885568, -8.69270093586255e-06
0.3776402180811516, 9.11069517592336, 3.849637875782651e-05
0.3860290886484045, 9.301811526725187, -1.0083473867460594e-05
0.38603173572336336, 9.301817694938286, 1.1816141557188253e-05
0.3957391238290341, 9.496021589980721, 1.2564192777234555e-05
0.3956795049377543, 9.496103392682434, -1.0922494703049548e-05
0.40536128957695844, 9.699084288548585, 1.8108600843811693e-05
0.4054519479625806, 9.6992730005619, -2.193559576546929e-05
0.41570711516589703, 9.89182520995002, -2.122221334590266e-05
0.41570711516589703, 9.89182520995002, -2.122221334590266e-05
0.41572936352989537, 9.891899961903915, -4.104195628022293e-05
0.42816448882317965, 10.083902028183738, 1.1839430548626819e-05
0.4410725065159797, 10.286702374700438, 2.2538599747459917e-05
0.4411120468672078, 10.287816117985615, -1.358292357746193e-05
0.4410646883963302, 10.287852263307764, 2.7133828658816356e-05
0.4526435953860476, 10.485788574163877, 3.8215452250469535e-05
0.4526883579413192, 10.485779436434676, 2.7211602611868894e-05
0.4623744983560265, 10.680177765308004, 3.4028851537750584e-05
0.46241647269599434, 10.680441852543993, -1.3363908091869411e-05
0.4701974499208226, 10.869965299904258, -2.4515031959427802e-05
0.4701974499208226, 10.869965299904258, -2.4515031959427802e-05
0.47026972573215026, 10.870027198174759, -3.827275780864991e-05
0.4774656342984682, 11.067774106099797, -7.042610385057035e-05
0.47767823593242215, 11.067744009449209, -2.5951988960023882e-05
0.4848760925171266, 11.269135004441315, -3.5006039913878036e-06
0.48484896808893146, 11.269649587916872, -1.965148199880943e-05
0.4904791380192862, 11.459688696126635, -3.306219046953538e-07
0.4902109363642166, 11.459274083120949, 2.6663114672119844e-06
