0.0034028852824121714, 0.00344879855401814, -0.0028019268065690994
0.0034028852824121714, 0.00344879855401814, -0.0028019268065690994
0.0034028852824121714, 0.00344879855401814, -0.0028019268065690994
0.0034028852824121714, 0.00344879855401814, -0.0028019268065690994
0.0034028852824121714, 0.00344879855401814, -0.0028019268065690994
0.0034028852824121714, 0.00344879855401814, -0.0028019268065690994
-0.00034884223714470863, -0.0016847781371325254, 0.0013393387198448181
-0.00034884223714470863, -0.0016847781371325254, 0.0013393387198448181
-0.00034884223714470863, -0.0016847781371325254, 0.0013393387198448181
-0.00034884223714470863, -0.0016847781371325254, 0.0013393387198448181
0.0006810853956267238, 0.003297217423096299, 0.0004281246801838279
0.0006810853956267238, 0.003297217423096299, 0.0004281246801838279
0.0006810853956267238, 0.003297217423096299, 0.0004281246801838279
0.0006810853956267238, 0.003297217423096299, 0.0004281246801838279
0.0033426834270358086, 0.00273194070905447, 0.002773403190076351
-0.0003692532773129642, -0.001024950877763331, -0.0005442238179966807
-0.0003692532773129642, -0.001024950877763331, -0.0005442238179966807
-0.0003692532773129642, -0.001024950877763331, -0.0005442238179966807
-0.0003692532773129642, -0.001024950877763331, -0.0005442238179966807
-0.0022400924935936928, -0.0041655623354017735, -0.00030406471341848373
-0.0022400924935936928, -0.0041655623354017735, -0.00030406471341848373
-0.0022400924935936928, -0.0041655623354017735, -0.00030406471341848373
-0.002479576738551259, -0.0014674738049507141, 0.0018557400908321142
0.00016805483028292656, -0.0005334484158083797, -0.0027428267057985067
0.00016805483028292656, -0.0005334484158083797, -0.0027428267057985067
0.00016805483028292656, -0.0005334484158083797, -0.0027428267057985067
0.00016805483028292656, -0.0005334484158083797, -0.0027428267057985067
-0.0008806944824755192, -0.0005461727851070464, 2.830568701028824e-05
-0.0008806944824755192, -0.0005461727851070464, 2.830568701028824e-05
-0.0008806944824755192, -0.0005461727851070464, 2.830568701028824e-05
-0.0008806944824755192, -0.0005461727851070464, 2.830568701028824e-05
0.0029479132499545813, 0.0027470330242067575, 0.0013482433278113604
0.0029479132499545813, 0.0027470330242067575, 0.0013482433278113604
0.0029479132499545813, 0.0027470330242067575, 0.0013482433278113604
0.0013261169660836458, 0.001489543356001377, -0.0018859844421967864
0.0013261169660836458, 0.001489543356001377, -0.0018859844421967864
-0.0016495673917233944, -0.0013899145415052772, -0.00719210272654891
0.0010600860696285963, 0.0021847744937986135, 7.416354492306709e-06
0.0010600860696285963, 0.0021847744937986135, 7.416354492306709e-06
0.0010600860696285963, 0.0021847744937986135, 7.416354492306709e-06
-0.001767447218298912, -0.0018736899364739656, 0.00027196097653359175
0.002963661216199398, 0.002587019233033061, -0.001361069967970252
0.002963661216199398, 0.002587019233033061, -0.001361069967970252
0.002963661216199398, 0.002587019233033061, -0.001361069967970252
0.002963661216199398, 0.002587019233033061, -0.001361069967970252
-0.0023886547423899174, -0.0017503290437161922, 0.0006166027742438018
-0.0023886547423899174, -0.0017503290437161922, 0.0006166027742438018
-0.0026333522982895374, 0.0018721306696534157, -0.001398909604176879
-0.0026333522982895374, 0.0018721306696534157, -0.001398909604176879
-0.0026333522982895374, 0.0018721306696534157, -0.001398909604176879
0.00027919563581235707, -0.0030141985043883324, -0.0004502328811213374
0.00027919563581235707, -0.0030141985043883324, -0.0004502328811213374
0.00027919563581235707, -0.0030141985043883324, -0.0004502328811213374
0.00027919563581235707, -0.0030141985043883324, -0.0004502328811213374
0.12332077324390411, 0.000827619805932045, -0.001108639407902956
0.12332077324390411, 0.000827619805932045, -0.001108639407902956
0.12332077324390411, 0.000827619805932045, -0.001108639407902956
0.12332077324390411, 0.000827619805932045, -0.001108639407902956
0.4398389458656311, -0.03203660249710083, 0.036495450884103775
0.5029966235160828, -0.020175155252218246, 0.04514850676059723
0.579480767250061, -0.005575750954449177, 0.04436599463224411
0.6745575070381165, -0.01938135176897049, 0.04471898451447487
0.6745575070381165, -0.01938135176897049, 0.04471898451447487
0.6745575070381165, -0.01938135176897049, 0.04471898451447487
0.6745575070381165, -0.01938135176897049, 0.04471898451447487
1.016969919204712, 0.028992310166358948, 0.07021128386259079
1.1005560159683228, 0.04785942658782005, 0.07037679105997086
1.1650902032852173, 0.05698665603995323, 0.05983421206474304
1.1650902032852173, 0.05698665603995323, 0.05983421206474304
1.2014399766921997, 0.06578059494495392, 0.0542139858007431
1.2014399766921997, 0.06578059494495392, 0.0542139858007431
1.2014399766921997, 0.06578059494495392, 0.0542139858007431
1.570942759513855, 0.17218616604804993, 0.06772363930940628
1.6296344995498657, 0.18360981345176697, 0.08748223632574081
1.6296344995498657, 0.18360981345176697, 0.08748223632574081
1.6296344995498657, 0.18360981345176697, 0.08748223632574081
1.9338512420654297, 0.2372099757194519, 0.08948922157287598
1.9740190505981445, 0.23804119229316711, 0.09619392454624176
1.9740190505981445, 0.23804119229316711, 0.09619392454624176
1.9740190505981445, 0.23804119229316711, 0.09619392454624176
1.9740190505981445, 0.23804119229316711, 0.09619392454624176
2.413191080093384, 0.29968056082725525, 0.11794578284025192
2.451770544052124, 0.3105359375476837, 0.11790581047534943
2.451770544052124, 0.3105359375476837, 0.11790581047534943
2.451770544052124, 0.3105359375476837, 0.11790581047534943
2.728327751159668, 0.3777201473712921, 0.13052263855934143
2.7902474403381348, 0.3786645829677582, 0.1372523456811905
2.7902474403381348, 0.3786645829677582, 0.1372523456811905
2.7902474403381348, 0.3786645829677582, 0.1372523456811905
3.15863037109375, 0.4383191168308258, 0.15961714088916779
3.15863037109375, 0.4383191168308258, 0.15961714088916779
3.1928515434265137, 0.44722631573677063, 0.16587086021900177
3.1928515434265137, 0.44722631573677063, 0.16587086021900177
3.1928515434265137, 0.44722631573677063, 0.16587086021900177
3.49969220161438, 0.5377652049064636, 0.17500708997249603
3.692312240600586, 0.5527946352958679, 0.20118746161460876
3.7440948486328125, 0.5645430684089661, 0.19129382073879242
3.7440948486328125, 0.5645430684089661, 0.19129382073879242
3.7440948486328125, 0.5645430684089661, 0.19129382073879242
3.7440948486328125, 0.5645430684089661, 0.19129382073879242
4.035467147827148, 0.6308997273445129, 0.22942326962947845
4.035467147827148, 0.6308997273445129, 0.22942326962947845
4.155383586883545, 0.6728211641311646, 0.22154754400253296
4.321102142333984, 0.694431483745575, 0.24048732221126556
4.321102142333984, 0.694431483745575, 0.24048732221126556
4.321102142333984, 0.694431483745575, 0.24048732221126556
4.321102142333984, 0.694431483745575, 0.24048732221126556
4.583209037780762, 0.7299922108650208, 0.24338865280151367
4.660277366638184, 0.7627595663070679, 0.24591630697250366
4.660277366638184, 0.7627595663070679, 0.24591630697250366
4.660277366638184, 0.7627595663070679, 0.24591630697250366
4.660277366638184, 0.7627595663070679, 0.24591630697250366
4.660277366638184, 0.7627595663070679, 0.24591630697250366
5.1167497634887695, 0.8361948728561401, 0.3032010793685913
5.2117509841918945, 0.827762246131897, 0.25963056087493896
5.3537492752075195, 0.8863272666931152, 0.26821815967559814
5.449941635131836, 0.8796591758728027, 0.2843942642211914
5.449941635131836, 0.8796591758728027, 0.2843942642211914
5.449941635131836, 0.8796591758728027, 0.2843942642211914
5.449941635131836, 0.8796591758728027, 0.2843942642211914
5.856178283691406, 0.976060688495636, 0.30714380741119385
5.956792831420898, 0.9802018404006958, 0.3062886595726013
5.956792831420898, 0.9802018404006958, 0.3062886595726013
5.956792831420898, 0.9802018404006958, 0.3062886595726013
5.956792831420898, 0.9802018404006958, 0.3062886595726013
5.956792831420898, 0.9802018404006958, 0.3062886595726013
6.1668267250061035, 1.001288652420044, 0.3169116973876953
6.1668267250061035, 1.001288652420044, 0.3169116973876953
6.1668267250061035, 1.001288652420044, 0.3169116973876953
6.523460388183594, 1.0809407234191895, 0.3146806061267853
6.564035415649414, 1.0859248638153076, 0.3286409378051758
6.564035415649414, 1.0859248638153076, 0.3286409378051758
6.564035415649414, 1.0859248638153076, 0.3286409378051758
6.893277168273926, 1.1453238725662231, 0.32792654633522034
6.893277168273926, 1.1453238725662231, 0.32792654633522034
6.996977806091309, 1.1553086042404175, 0.34708136320114136
6.996977806091309, 1.1553086042404175, 0.34708136320114136
6.996977806091309, 1.1553086042404175, 0.34708136320114136
6.996977806091309, 1.1553086042404175, 0.34708136320114136
7.402979373931885, 1.2953356504440308, 0.34856629371643066
7.539987564086914, 1.2968924045562744, 0.36644911766052246
7.599524021148682, 1.3154656887054443, 0.3679915964603424
7.599524021148682, 1.3154656887054443, 0.3679915964603424
7.599524021148682, 1.3154656887054443, 0.3679915964603424
7.926804065704346, 1.3021951913833618, 0.36856597661972046
7.926804065704346, 1.3021951913833618, 0.36856597661972046
7.98100471496582, 1.3197908401489258, 0.3500034809112549
7.98100471496582, 1.3197908401489258, 0.3500034809112549
7.98100471496582, 1.3197908401489258, 0.3500034809112549
8.28906536102295, 1.3728069067001343, 0.4297739863395691
8.353691101074219, 1.3900940418243408, 0.4396873712539673
8.460288047790527, 1.4212020635604858, 0.462794691324234
8.460288047790527, 1.4212020635604858, 0.462794691324234
8.460288047790527, 1.4212020635604858, 0.462794691324234
8.460288047790527, 1.4212020635604858, 0.462794691324234
8.859946250915527, 1.603490948677063, 0.42861640453338623
8.859946250915527, 1.603490948677063, 0.42861640453338623
8.859946250915527, 1.603490948677063, 0.42861640453338623
8.859946250915527, 1.603490948677063, 0.42861640453338623
8.859946250915527, 1.603490948677063, 0.42861640453338623
9.267082214355469, 1.6297739744186401, 0.4499785304069519
9.340459823608398, 1.6513489484786987, 0.43719327449798584
9.44736099243164, 1.6625398397445679, 0.43748578429222107
9.44736099243164, 1.6625398397445679, 0.43748578429222107
9.44736099243164, 1.6625398397445679, 0.43748578429222107
9.748321533203125, 1.689640760421753, 0.43920785188674927
9.852341651916504, 1.6925338506698608, 0.44715416431427
9.852341651916504, 1.6925338506698608, 0.44715416431427
9.852341651916504, 1.6925338506698608, 0.44715416431427
9.852341651916504, 1.6925338506698608, 0.44715416431427
9.852341651916504, 1.6925338506698608, 0.44715416431427
9.852341651916504, 1.6925338506698608, 0.44715416431427
9.852341651916504, 1.6925338506698608, 0.44715416431427
10.420341491699219, 1.7457159757614136, 0.45018061995506287
10.524149894714355, 1.7630919218063354, 0.4241049587726593
10.636889457702637, 1.7701151371002197, 0.4374309480190277
10.636889457702637, 1.7701151371002197, 0.4374309480190277
10.636889457702637, 1.7701151371002197, 0.4374309480190277
10.636889457702637, 1.7701151371002197, 0.4374309480190277
10.921090126037598, 1.8289612531661987, 0.43425416946411133
10.957504272460938, 1.833992600440979, 0.4281007945537567
10.957504272460938, 1.833992600440979, 0.4281007945537567
10.957504272460938, 1.833992600440979, 0.4281007945537567
11.29448413848877, 1.9129173755645752, 0.42182657122612
11.318412780761719, 1.9250181913375854, 0.41215312480926514
11.318412780761719, 1.9250181913375854, 0.41215312480926514
11.318412780761719, 1.9250181913375854, 0.41215312480926514
11.765791893005371, 1.9878437519073486, 0.41285258531570435
11.924800872802734, 2.014908790588379, 0.41055116057395935
11.924800872802734, 2.014908790588379, 0.41055116057395935
12.078173637390137, 2.035799980163574, 0.4243328869342804
12.078173637390137, 2.035799980163574, 0.4243328869342804
12.078173637390137, 2.035799980163574, 0.4243328869342804
12.078173637390137, 2.035799980163574, 0.4243328869342804
12.078173637390137, 2.035799980163574, 0.4243328869342804
12.078173637390137, 2.035799980163574, 0.4243328869342804
12.078173637390137, 2.035799980163574, 0.4243328869342804
